Sunnyside School Rain Gage - 3421 SE. Salmon St.



PROVISIONAL, UNCORRECTED RAW DATA FROM THE CITY OF PORTLAND HYDRA NETWORK.

Data are the number of tips of the rain gage bucket.

Each tip is 0.01 inches of rainfall.

 [-, missing data]

Dates and times are PACIFIC STANDARD TIME.



            Daily  Hourly data -->

   Date     Total    0   1   2   3   4   5   6   7   8   9  10  11  12  13  14  15  16  17  18  19  20  21  22  23

------------------------------------------------------------------------------------------------------------------

28-MAR-2016     2    0   0   0   1   1   0   0   0   0   0   0   0

27-MAR-2016     5    0   0   0   0   0   1   0   0   0   0   0   0   0   3   1   0   0   0   0   0   0   0   0   0

26-MAR-2016     5    0   0   0   0   0   0   0   0   0   0   0   0   0   0   0   0   0   2   2   0   1   0   0   0

25-MAR-2016     0    0   0   0   0   0   0   0   0   0   0   0   0   0   0   0   0   0   0   0   0   0   0   0   0

24-MAR-2016     6    0   1   1   0   0   0   0   0   0   0   0   2   0   0   0   0   0   2   0   0   0   0   0   0

23-MAR-2016    12    0   0   0   0   0   0   0   0   0   7   0   0   0   0   0   0   0   0   2   0   1   1   1   0

22-MAR-2016     1    0   1   0   0   0   0   0   0   0   0   0   0   0   0   0   0   0   0   0   0   0   0   0   0

21-MAR-2016     8    0   0   0   2   2   0   2   0   1   0   0   0   0   0   0   0   0   0   0   0   0   1   0   0

20-MAR-2016    18    0   0   0   0   0   0   0   0   4   8   0   0   2   3   1   0   0   0   0   0   0   0   0   0

19-MAR-2016     0    0   0   0   0   0   0   0   0   0   0   0   0   0   0   0   0   0   0   0   0   0   0   0   0

18-MAR-2016     0    0   0   0   0   0   0   0   0   0   0   0   0   0   0   0   0   0   0   0   0   0   0   0   0

17-MAR-2016     0    0   0   0   0   0   0   0   0   0   0   0   0   0   0   0   0   0   0   0   0   0   0   0   0

16-MAR-2016     8    3   2   0   1   0   2   0   0   0   0   0   0   0   0   0   0   0   0   0   0   0   0   0   0

15-MAR-2016    24    0   0   1   0   0   1   0   0   1   2   1   3   1   3   4   2   2   1   1   0   1   0   0   0

14-MAR-2016    15    0   4   2   1   1   1   1   0   1   0   0   0   1   0   1   0   0   0   0   1   0   1   0   0

13-MAR-2016    77    2   2   2   0   0   3   8  11  15  13   3   1   0   0   2   6   5   0   0   1   1   2   0   0

12-MAR-2016    56    1   0   0   4  13   1   0   1   1   0   0   3   2   5   1   1   9   0   2   2   0   6   3   1

11-MAR-2016    20    0   0   0   0   0   0   0   0   0   0   1   0   0   0   1   3   1   0   2   2   2   1   3   4

10-MAR-2016    32   13   0   0   0   0   0   0   3   2   0   0   0   0  10   3   1   0   0   0   0   0   0   0   0

09-MAR-2016    81    0   0   0   0   0   0   3   2   0   5   5   7   1   6  11  23   7   3   3   0   0   2   0   3

08-MAR-2016    15    0   0   0   0   0   0   0   0   0   0   1   2   0   2   1   4   1   0   0   2   2   0   0   0

07-MAR-2016    16    2   3   0   0   0   2   0   0   0   0   0   0   0   8   0   0   1   0   0   0   0   0   0   0

06-MAR-2016    34    0   0   2   2   7   0   0   1   0   7   0   0   0   0   0   2   4   5   0   1   3   0   0   0

05-MAR-2016    38    7   8   4   2   0   0   0   0   0   0   0   0   0   0   1   0   4   4   6   2   0   0   0   0

04-MAR-2016     0    0   0   0   0   0   0   0   0   0   0   0   0   0   0   0   0   0   0   0   0   0   0   0   0

03-MAR-2016     8    0   0   1   0   2   0   0   0   0   0   1   0   4   0   0   0   0   0   0   0   0   0   0   0

02-MAR-2016    41    0   0   0   0   0   0   0   0   0   0   0   0   0   0   0   0   0  12   8   5   2  13   1   0

01-MAR-2016    45    4   7   4   0   0   0   0   0   0   2   5   2   1   0   4   0   0  10   0   4   0   1   1   0

29-FEB-2016    34    0   0   0   0   0   1   3   3   1   0   1   0   0   0   0   0   0   1   4   2   2   4   3   9

28-FEB-2016    14    0   0   0   0   0   0   0   2   1   3   0   4   0   4   0   0   0   0   0   0   0   0   0   0

27-FEB-2016    14    2   0   7   4   0   0   0   0   0   1   0   0   0   0   0   0   0   0   0   0   0   0   0   0

26-FEB-2016    40    0   0   0   0   0   0   0   0   0   0   0   0   0   0   1   4   6   3   6   2   8   7   3   0

25-FEB-2016     0    0   0   0   0   0   0   0   0   0   0   0   0   0   0   0   0   0   0   0   0   0   0   0   0

24-FEB-2016     0    0   0   0   0   0   0   0   0   0   0   0   0   0   0   0   0   0   0   0   0   0   0   0   0

23-FEB-2016     1    0   0   0   0   0   0   0   0   0   0   1   0   0   0   0   0   0   0   0   0   0   0   0   0

22-FEB-2016     2    0   0   0   0   0   0   2   0   0   0   0   0   0   0   0   0   0   0   0   0   0   0   0   0

21-FEB-2016     7    0   0   0   0   0   0   0   0   0   0   6   0   0   1   0   0   0   0   0   0   0   0   0   0

20-FEB-2016    11    1   9   1   0   0   0   0   0   0   0   0   0   0   0   0   0   0   0   0   0   0   0   0   0

19-FEB-2016    37    3   1   1   4   1   2   2   0   0   0   1   0   1   1   0   4   0   3   0   4   0   1   3   5

18-FEB-2016    53    0   0   0   0   0   0   0   0   1   0   3   2  13   8   3   5  10   5   0   0   0   1   1   1

17-FEB-2016    39    0   0   0   0   0   0   0   0   0   0   0   0   0   0   0   5  19   1   7   6   1   0   0   0

16-FEB-2016    22    0   0   1   5   7   3   3   2   1   0   0   0   0   0   0   0   0   0   0   0   0   0   0   0

15-FEB-2016     0    0   0   0   0   0   0   0   0   0   0   0   0   0   0   0   0   0   0   0   0   0   0   0   0

14-FEB-2016    26    0   2   7   4   2   2   3   1   1   0   1   0   0   0   0   0   1   0   1   1   0   0   0   0

13-FEB-2016    40    0   0   1   0   0   0   0   0   0   0   0   0   0   0   0   3   5   6   8  10   6   1   0   0

12-FEB-2016    27    0   0   0   0   0   0   0   0   1  10  13   1   1   1   0   0   0   0   0   0   0   0   0   0

11-FEB-2016    14    0   0   0   0   0   0   0   0   0   0   0   1   0   0   2  11   0   0   0   0   0   0   0   0

10-FEB-2016     0    0   0   0   0   0   0   0   0   0   0   0   0   0   0   0   0   0   0   0   0   0   0   0   0

09-FEB-2016     0    0   0   0   0   0   0   0   0   0   0   0   0   0   0   0   0   0   0   0   0   0   0   0   0

08-FEB-2016     0    0   0   0   0   0   0   0   0   0   0   0   0   0   0   0   0   0   0   0   0   0   0   0   0

07-FEB-2016     0    0   0   0   0   0   0   0   0   0   0   0   0   0   0   0   0   0   0   0   0   0   0   0   0

06-FEB-2016     0    0   0   0   0   0   0   0   0   0   0   0   0   0   0   0   0   0   0   0   0   0   0   0   0

05-FEB-2016    27    0   0   0   0   0   0   0   0   0   0   0   0   0   0   0   0   0   2  18   7   0   0   0   0

04-FEB-2016    74    6   3   1   3   5   5   5   8  18  10   7   3   0   0   0   0   0   0   0   0   0   0   0   0

03-FEB-2016    26    0   0   0   0   0   0   0   0   0   0   0   2   6   6   4   2   3   0   0   0   0   0   0   3

02-FEB-2016     0    0   0   0   0   0   0   0   0   0   0   0   0   0   0   0   0   0   0   0   0   0   0   0   0

01-FEB-2016     8    0   0   0   0   1   0   0   0   0   0   0   0   0   0   0   0   0   1   5   1   0   0   0   0

31-JAN-2016    12    0   0   0   0   0   0   0   0   0   0   0   0   0   0   0   0   0   0   0   3   8   1   0   0

30-JAN-2016    17    0   0   0   8   0   0   0   0   0   0   0   0   0   0   2   1   0   0   6   0   0   0   0   0

29-JAN-2016    47    0   0   0   0   4   5  11   6   1   0   0   1   1   0   0   1   4   2   3   2   1   4   0   1

28-JAN-2016    85    1   7   3   4   8  11  10  28   6   0   7   0   0   0   0   0   0   0   0   0   0   0   0   0

27-JAN-2016     5    0   0   0   0   0   0   0   0   0   0   0   0   0   1   0   0   0   0   0   0   1   3   0   0

26-JAN-2016     8    0   0   0   0   0   0   0   1   0   5   1   1   0   0   0   0   0   0   0   0   0   0   0   0

25-JAN-2016     0    0   0   0   0   0   0   0   0   0   0   0   0   0   0   0   0   0   0   0   0   0   0   0   0

24-JAN-2016     1    0   0   0   0   0   0   0   0   0   0   0   0   0   1   0   0   0   0   0   0   0   0   0   0

23-JAN-2016    29    0   8  10   0   0   0   0   0   3   4   0   2   0   0   1   0   0   0   0   1   0   0   0   0

22-JAN-2016    38    7   7   7  14   2   1   0   0   0   0   0   0   0   0   0   0   0   0   0   0   0   0   0   0

21-JAN-2016    32    0   2   8   6   1   0   0   0   0   0   0   0   0   0   0   0   0   0   0   0   0   2   5   8

20-JAN-2016    10    0   0   0   0   0   0   0   0   0   0   0   0   0   0   0   0   0   0   1   0   0   3   5   1

19-JAN-2016    97    0   1   0   0   0   0   5   7   5   2   4   2   5   5   8   6   4   3  11  10  15   2   0   2

18-JAN-2016    27    0   0   0   0   1   0   0   0   0   0   0   0   0   0   0   0   0   1   2   3  12   7   1   0

17-JAN-2016    92    0   0   0   0   2   8  11   8  10  10  11  12   3   2   2   1   0   0   0   0   0   1   9   2

16-JAN-2016    50    3   3   7   7   5   2   0   2   2   0   0   0  18   0   0   1   0   0   0   0   0   0   0   0

15-JAN-2016    15    1   0   0   0   0   0   0   0   0   0   0   0   0   0   0   0   0   0   0   0   0   3   5   6

14-JAN-2016    37    0   5   3   0   1   3   0   1   0   0   0   0   0   0   0   4   7   4   1   4   1   1   1   1

13-JAN-2016    78    4   1   1   3   5   5  21   3  11  13   4   3   2   0   0   0   0   0   0   0   0   0   1   1

12-JAN-2016   105    0   0   0   0   0   1   0   5   5   6   7   8   5   4  10   7  11   8   7   8   5   1   1   6

11-JAN-2016    28    0   0   0   0   0   0   1   0   2   0   3   2   0   3   1   2   0   0   0   4  10   0   0   0

10-JAN-2016     0    0   0   0   0   0   0   0   0   0   0   0   0   0   0   0   0   0   0   0   0   0   0   0   0

09-JAN-2016     2    0   0   0   0   0   1   1   0   0   0   0   0   0   0   0   0   0   0   0   0   0   0   0   0

08-JAN-2016     0    0   0   0   0   0   0   0   0   0   0   0   0   0   0   0   0   0   0   0   0   0   0   0   0

07-JAN-2016     0    0   0   0   0   0   0   0   0   0   0   0   0   0   0   0   0   0   0   0   0   0   0   0   0

06-JAN-2016     0    0   0   0   0   0   0   0   0   0   0   0   0   0   0   0   0   0   0   0   0   0   0   0   0

05-JAN-2016    20    0   0   0   0   3   3   3   2   1   0   1   1   1   0   0   0   0   0   0   0   5   0   0   0

04-JAN-2016    47    0   0   0   0   0   0   0   0   0   0   0   1  12  22   7   3   2   0   0   0   0   0   0   0

03-JAN-2016     1    0   0   0   0   0   0   0   0   0   0   0   0   0   0   0   0   0   0   0   0   0   0   1   0

02-JAN-2016     0    0   0   0   0   0   0   0   0   0   0   0   0   0   0   0   0   0   0   0   0   0   0   0   0

01-JAN-2016     0    0   0   0   0   0   0   0   0   0   0   0   0   0   0   0   0   0   0   0   0   0   0   0   0

31-DEC-2015     0    0   0   0   0   0   0   0   0   0   0   0   0   0   0   0   0   0   0   0   0   0   0   0   0